+917988035548
+919817731984
+918168552491
+919053810348
+919053390661
+919050041224
+919812299055
+919817741010
+919813252664
+919896741214
+919050285869
+917496092377
+919992005268
+918053157076
+919034606126
+918930969035
+919813300157
+919813565254
+918570834810
+918307029722
+919996732026
+919068164216
+918053950925
+919817194041
+919729314566
+918053489555
+919671596134
+918816932134
+917206363688
+917404063315
+918307971275
+917497841373
+917027213618
+917082198585
+919050909541
+919991512370
+918813090536
+917496017926
+919050653505
+918053568698
+919671632666
+917206332424
+918278191522
+919817499548
+918053828705
+918307739493
+918222927712
+918813088625
+919034086177
+918950070392
+917027414207
+918053109098
+917082714458
+917027068186
+918168415583
+918930615254
+919991663352
+919034542039
+919050004276
+919518672504
+917497080124
+919050121955
+919306753309
+919671823803
+919813528818
+918816838740
+919996110790
+919996662403
+919991627134
+919896353568
+919813865470
+918708966535
+919050084283
+919350248961
+919812355225
+919813507764
+917988308835
+919813519160
+919991924864
+919991423272
+918685851025
+918708291681
+919728018981
+919053665249
+918397015004
+918199945146
+919991121219
+917355835903
+919812373245
+919817335267
+919813714555
+918814949292
+918708468007
+919729987456
+919991336658
+919350437688
+918397022618
+919034121288
+919050651283
+919896915097
+919813541256
+917082182619
+919306622844
+919467555549
+918708376710
+919729152113
+917404696412
+919729926507
+919813929983
+918053745577
+919896453310
+918950088360
+919729200483
+919671999400
+919671110842
+919813448176
+917419217434
+918396852052
+917419019682
+918295429834
+918813090511
+917404129614
+918901428697
+917419118856
+919050037729
+918683953288
+919034746608
+919728604655
+919813187660
+919813361161
+919138219274
+917988126538
+919050766597
+919671737833
+919813345679
+919050907935
+918930265188
+919896117261
+919991951244
+919254232025
+919896932642
+918053229377
+919034167541
+919416049250
+919991449244
+919306826412
+918053685756
+919812354011
+918295048772
+918307916604
+918397952000
+919812526912
+918295364476
+917206652262
+917419313177
+918059984539
+919813314804
+918813028520
+918708060701
+918053959461
+918053202931
+918930539805
+917206290714
+919671008110
+918845971566
+918814078344
+918295989579
+919896190611
+919991850837
+919050299538
+919050147721
+917206979409
+918295640197
+919671154219
+919992104992
+918813979308
+919468317691
+918295082084
+918814042438
+919034161288
+919729311004
+919671196148
+918221957050
+918053188233
+919671212521
+919813611013
+919050386005
+917056840770
+919802909096
+919255530072
+919896914080
+919813431888
+918398931632
+919728357482
+919996377182
+919896966828
+919466215765
+919466341137
+919992010696
+919729860238
+919991118793
+919671502970
+919991551519
+919050011536
+919896508712
+919896522710
+919050142993
+919817682752
+919053348938
+918053168612
+919813157676
+919050648144
+919896180182
+919812777078
+917027295462
+919729880737
+919053030218
+919050034463
+917027929972
+919728733694
+918814808558
+919729087726
+918307225754
+919813229265
+918930237423
+918053980873
+919728000235
+917056814785
+918053741229
+919991519899
+919813725088
+917404194616
+919034551367
+918053531714
+919991657094
+917206100314
+919991663050
+918813979804
+919050580657
+918930767165
+919812876515
+919992004756
+917400041464
+919050908793
+919053009557
+919050311717
+919671008588
+918950500146
+919050583114
+918398865857
+919489333338
+918816906841
+919671428770
+917027731091
+918059048015
+919991669066
+919306294276
+919050333864
+918307466293
+919996260504
+918571070354
+918708423802
+919896385015
+919996249798
+919306194083
+919588349378
+918053437511
+918168609186
+917056089539
+918950152284
+917056085128
+919034292627
+919992330705
+918814825527
+919729322954
+919996691846
+918168761171
+919813359508
+919812757715
+918818025991
+917206233519
+918708198155
+919468071842
+918571857320
+919671726773
+919350208663
+918059403792
+919992217262
+919813024203
+918816804562
+918053109138
+918930141845
+917027923375
+918950501075
+918930848107
+918901345445
+919896881972
+917404046283
+917015967991
+918307179906
+919034637713
+919812704468
+918607136239
+918307450868
+919896554190
+919306508231
+918708150260
+919053278014
+918683871116
+919896573354
+919812739928
+919671751525
+919034329613
+919053290314
+918950371365
+917027411955
+918053488722
+919996182001
+919671950683
+919992379302
+917404848250
+919068162131
+917027500501
+919992548611
+918053959458
+919050834061
+919812980825
+919050380556
+919588757617
+918295090493
+917494974141
+919671292947
+919813300158
+918816930842
+918814970622
+919996237050
+919991862646
+918295876639
+919729815057
+918930991299
+918053387110
+919050649019
+918683099593
+918570987548
+919729834335
+919813354808
+918572019524
+919034346771
+919050784907
+919817703892
+918950736235
+918168245020
+919729726853
+919991256850
+918053373598
+919996394757
+919813561071
+918053736088
+919050020859
+917015669103
+918059061720
+919671111566
+919991875486
+919813161920
+919992974042
+917404403519
+919896698379
+917357679987
+919813399835
+918295042124
+919416930671
+919050474474
+919992846172
+919053392840
+917404456640
+919729174013
+919813073451
+918397019792
+919729031826
+918059054749
+918813883056
+919053790494
+918053027345
+919306308154
+918930704224
+918814992923
+919991572840
+918685806733
+917206034396
+918168774525
+918053868955
+918950354138
+918199063646
+919350854952
+919034707911
+919050280182
+919991650802
+919671697055
+919991252275
+919813984606
+919729716400
+919050326092
+917988303264
+918950010309
+917027073084
+918813030207
+919996228060
+918278261096
+919991838787
+919996262420
+918570966636
+919996914722
+919813582624
+918053904703
+919653590338
+918168077842
+919215820001
+917027248612
+918053344439
+918396883827
+917082730670
+919729015839
+919416262726
+919813213409
+919996394072
+918813066468
+919992759008
+917206933098
+919671133551
+919812363874
+919034078566
+919812763881
+919991629619
+919813586274
+918708666731
+919467778753
+918059057952
+919541130020
+917206002100
+917206919280
+918570027502
+919896308434
+919050144025
+919050908601
+917419316366
+919050299584
+919306558805
+918950803584
+918816901410
+919813065621
+919034123702
+919812410922
+918529323335
+919350936404
+918168439392
+919812726529
+917206568788
+919671808448
+918950339034
+917895302957
+919053590811
+919729014156
+919350468332
+919306441500
+917027154268
+919671512060
+918950929994
+917027447122
+917496827376
+919813891129
+919991241193
+917027413732
+918930141551
+919315539415
+919671727047
+919812096620
+919050163972
+919996251307
+919541989004
+919034451086
+919992407113
+919896855964
+918053712365
+918930561969
+918295648590
+919991033613
+919034919424
+919050653256
+919991206827
+919813563187
+919671800924
+919996393587
+917206671824
+918950354035
+919315810287
+918950612446
+919253001407
+919896816004
+919050586245
+919996300498
+919050035225
+918053020998
+918053162480
+918569877610
+918168577174
+917206172080
+919050859266
+918059212493
+919729958739
+919034965876
+919896448334
+918814806685
+919896717500
+919053590981
+919991018975
+919053756103
+919050827439
+919729692896
+919350561178
+918689067503
+919992983276
+919991114195
+918307588533
+919991323823
+918930301758
+919812050324
+919729332774
+919034569952
+919671566969
+919050715097
+919992229748
+918199077600
+918053095903
+917056715039
+919034425510
+917206162955
+919050923771
+918059348118
+919671727271
+919729068753
+918295660412
+919729785646
+919896663182
+918398902538
+919996120580
+919729310236
+919813607067
+919991228904
+918930301865
+917419311964
+918570977014
+919466775016
+919667401419
+919729719969
+919050894751
+918397080886
+918053258033
+917404821004
+918950129991
+919813315905
+919991601545
+919896055602
+919996351057
+918053751229
+919729982853
+919996947135
+919069000486
+917988412655
+919992940007
+919518463769
+919671722077
+917357041205
+919896939158
+919996500241
+919817573236
+918307165065
+918053571695
+919671511131
+919896938869
+919034265300
+919671817353
+919813762873
+919991252218
+919813415744
+919729744422
+919991111713
+918295291344
+919034321474
+918950511588
+919729148825
+919053635818
+919050769720
+919053954903
+919416288164
+917206362564
+917404012183
+918930754039
+919813586409
+918295526434
+917206308908
+919992323739
+918930560736
+919671727285
+919996306951
+919050796169
+919896933335
+919306391657
+919729813299
+918950865769
+919813062694
+919350908669
+918708565425
+919034280269
+917206936065
+919050363289
+919896595995
+919896448244
+917027008793
+918950360914
+919053599729
+919729848426
+919467044442
+919996880981
+919813045369
+919034961106
+919996961971
+919813156945
+919627594000
+919050335353
+919813902990
+918295342860
+919996062432
+919050908491
+919729374081
+919068106363
+918570877514
+919813398591
+919588584277
+918168341112
+919034185485
+918053959521
+918689080740
+918053110142
+917206701813
+918708794619
+919896908580
+919671707794
+919671234800
+919255298845
+919991649623
+918398837212
+919306019926
+918930136594
+918570877484
+918950230796
+917056850490
+917206701041
+919306236905
+919729890047
+919253472636
+919996490085
+919350131208
+919896217838
+918930781009
+919812731600
+919034945388
+919034527702
+917988446193
+918950847080
+918398901847
+919729493149
+919896630695
+918307439883
+919034285920
+919852085000
+919671935503
+919992329063
+919812432115
+919896407679
+917015071447
+919991103420
+919671569942
+919671120545
+918814904712
+919896889723
+918295331726
+918960868104
+919466272465
+919050620532
+919729785274
+918930743353
+919138222008
+919996035417
+919896581525
+919996408769
+919813785546
+917419001212
+918307073756
+919729510723
+919255907395
+918950325073
+919991069417
+919991322499
+919896440287
+919991319251
+917404710699
+917027193764
+919050116878
+919813806529
+918168794937
+919306828303
+919671828212
+918930206539
+919991119110
+919896309212
+918818056288
+919068839030
+919996251742
+919050424185
+919896906524
+918398021708
+919896167577
+919996010442
+919991648867
+919729015782
+918053110259
+919034102762
+919992011547
+918950142824
+919991002208
+919992770628
+918708099533
+919467458028
+919812997860
+919034671178
+918571049615
+918168208684
+919050908771
+919050171780
+918930973602
+919996572853
+918930003567
+918053658307
+918221949702
+919896137133
+917027297971
+919053191700
+919350953062
+919416841570
+918295000412
+919138128940
+919050729404
+918816873701
+919896117923
+918398950986
+918816840925
+919896593184
+919813259929
+919896407830
+917082340880
+919896756576
+919896030524
+917027226000
+919053087535
+919992440858
+918295154741
+919991400131
+919034658553
+917206245146
+919671943595
+917988307069
+918000001715
+918607671957
+919813414855
+918053767596
+919729233128
+919050218686
+919050796281
+919466623406
+919350096757
+919896448273
+919991723278
+919050274346
+918950725177
+918708282141
+919050706377
+918684947983
+919991919199
+919813107714
+919896220631
+919034380015
+919896595000
+919813883786
+919671908710
+919996728404
+918059862905
+919017941761
+918059903515
+919050759970
+919034464734
+919416950686
+919050097398
+919991517674
+919729126207
+918053422318
+919996235131
+919813124962
+918708094371
+919896560078
+919034198611
+918813803663
+919896735229
+919034343636
+919409080000
+919671378197
+919728520902
+917206357803
+918950907036
+919813728798
+919896305313
+917497068317
+918221886664
+919813508795
+919896052966
+918053415402
+919050909295
+919466220264
+919996992020
+919034882415
+919896658725
+919991586013
+919996099880
+918307408826
+917404644862
+919728075353
+918053801694
+919050863020
+919729142660
+918950732312
+919813010457
+918570869707
+918607067120
+918295208088
+919991263206
+919306967319
+918569881585
+919034895698
+919812811974
+919416708244
+918295334468
+919812810507
+919813800507
+917496885189
+919991143411
+918307898865
+919996810212
+918930715193
+918053192119
+919050194214
+919813216102
+919813031161
+918930800396
+919896574150
+919991854881
+919518660681
+919813413251
+918708257936
+919416724081
+919138382265
+918053254309
+919034329919
+919671574497
+919992451333
+919817637504
+919050297438
+919813561345
+918816969943
+919034121585
+918168578202
+918950778340
+918569983043
+918816838855
+918053305073
+919967216352
+918053683043
+917102627923
+919991362729
+919215411113
+918930887954
+919991122002
+919729668708
+919812310637
+919034280492
+917027243041
+919813940800
+919416897216
+918708368887
+918708518896
+919991340556
+917027370050
+919888116653
+919050070900
+918295919338
+918930161181
+918708683730
+919729061337
+919896085804
+918182072000
+918059766766
+918053367485
+919896116007
+919992324709
+917404778969
+919729877835
+917082021985
+918930161368
+918398949548
+918950533432
+919813392271
+919812869928
+919467419797
+919729923186
+917015163377
+919671270266
+919729900714
+919068401507
+918053562646
+918059427017
+919991770452
+919034881592
+919812631347
+919813662043
+918059957847
+919034243662
+919053196594
+919991192620
+919729383487
+917027075308
+919970048015
+919671003747
+919991862302
+918053959402
+919896444351
+918295136537
+919991957354
+919991648142
+917027929948
+917027283317
+918168170981
+919991410549
+919729308587
+919613690001
+917404063006
+918930134890
+919034241619
+919582618311
+918930432065
+919991511256
+919896220853
+919813618928
+919053858485
+919017151679
+918053211963
+919991855069
+919050766524
+919671107250
+918814032321
+918169069710
+919996853958
+919813777765
+919034071812
+918053371483
+918930801080
+918950181196
+919991873207
+919813242961
+917206549220
+918814971666
+918683986370
+919671930396
+919896750404
+919729438270
+919729904571
+919996851972
+919416319781
+919996694601
+919729594622
+919991523028
+918708723115
+919050062700
+919813057183
+919729583263
+919416405509
+919355566620
+918816921883
+919050252844
+919306488044
+919813399225
+919728675808
+919996409989
+919996114982
+918930290078
+919992464705
+917206191781
+919813444491
+919896121820
+919255380018
+919729743434
+919812187009
+918397021016
+919991894168
+919992226339
+919729700750
+918813835832
+918377062718
+919996270821
+918427037645
+918569943570
+919050157139
+918295069378
+919813427555
+919034222905
+918950051977
+919992412203
+919813375578
+919813392414
+918930657814
+917206549174
+917404499804
+919034736900
+919416121281
+917027040328
+919053644260
+919466094011
+917206244911
+919896790015
+919991294125
+919813838631
+919034913471
+919050212235
+918816838660
+919034520465
+919812793182
+919729923134
+918053559616
+919729079751
+918168856798
+919991192420
+919896078174
+919991339903
+918569922476
+918950947486
+919050450997
+919034142796
+919991669888
+919996730958
+917496082847
+919518069907
+919050457966
+919050136636
+919812552625
+918930835764
+919812311826
+919991202677
+918814905543
+917988553573
+919991890697
+918814907906
+918053331128
+919991564651
+919671385944
+919991856968
+919671574376
+919996149575
+917497030165
+919896459152
+918818020650
+919896648940
+919034937883
+916005046433
+918221871985
+919996225214
+919050988036
+917497835240
+919991383020
+919991522645
+919050887794
+919416844146
+918053300305
+918950098922
+919996500320
+918813030969
+919050113799
+918950488414
+919306323641
+919813931212
+919813470127
+918569982606
+917027640716
+919996603900
+919729927437
+919991631394
+919991259422
+918816042657
+919671035491
+918930391447
+919996731568
+919996132552
+918053619730
+919812084380
+919896997352
+919812390431
+918168028980
+918930029707
+918053188594
+919896153552
+919053397992
+919817045863
+919034417465
+919729767897
+917497096098
+918569893748
+918814801127
+919991192101
+918108066370
+919813375811
+919991207774
+919992639990
+918930560902
+919813065895
+919896940334
+917206237598
+918199077790
+919729803660
+919671112333
+919050073036
+917206153394
+919671380531
+918814992823
+919896117207
+919671986664
+919050212230
+918059553235
+919466484248
+917027929909
+918930301726
+919034927215
+919138731112
+919588126117
+918053626582
+919991505976
+919991854319
+919068025890
+917015036826
+918950417887
+919813670043
+917027510442
+919992257154
+918816823087
+919992669000
+919996342359
+919991278175
+918930301509
+919729145460
+917027610807
+918950077964
+919813471350
+918053424422
+917027794780
+919050909049
+919996829425
+917015827440
+919996775713
+918708865011
+917015064305
+919068394649
+918053283417
+917404238865
+918053294280
+919729644403
+919050867819
+919050405746
+918168546808
+919996904839
+919671950478
+919991601584
+919017466600
+917056793524
+919817764610
+917027713671
+919050239498
+919992416106
+917015707088
+919254235651
+918053980882
+919466935735
+919992705081
+918816995001
+919034987763
+919034551148
+919729711998
+919991884250
+919050337843
+917082586241
+919306846792
+919896572283
+917404419500
+919896890390
+918814904538
+919050581355
+919671512107
+917027963825
+919896159593
+919992643602
+919728935982
+917082178965
+917404115374
+917206269720
+919991597240
+918332842189
+919896423402
+919996565873
+918053618540
+918950685320
+919728675650
+918199971803
+918397812866
+918053968749
+918950859737
+917206945836
+919306051313
+918053028838
+919466517525
+919991952857
+918059700975
+917404782692
+918814056479
+918708788141
+919996342503
+919996832176
+917056002910
+919896962176
+917206199940
+918930808895
+919817286863
+918295518911
+919896675290
+919813466540
+917404820550
+919215215972
+918683853785
+917027547338
+917206058912
+919619073886
+918398807661
+917056213417
+918053760774
+919034711520
+918930261050
+919728693093
+917404745017
+919518672584
+919034221705
+919991045200
+918814826059
+919813500918
+917404725022
+919991137005
+919729847005
+919992876656
+918221086576
+917206669208
+918221011073
+919991422641
+917494970056
+919991426078
+917206697932
+919996078985
+919729226452
+919813062675
+919053131039
+918684078260
+918053226232
+918930777640
+919354222209
+918684096702
+919812297593
+918607566616
+919813683061
+918950381512
+918950583263
+919728416695
+919728740049
+919813359257
+919034510124
+917404410760
+919034914160
+919466364605
+919812323707
+918168399398
+919053670031
+918221077783
+918708972590
+919034003735
+918307010983
+918930575596
+918708877826
+918295641653
+919991132172
+918053298066
+917206499206
+917404433646
+919729220919
+919053390761
+919813507862
+919050909552
+919992790218
+918950737249
+918685080519
+918295048226
+918950733974
+918607551234
+917865326985
+919729478526
+918295039429
+919138215714
+919991256670
+917404273202
+918549843214
+919813977880
+918053532664
+917206444651
+919813612182
+919518833792
+919992355558
+917404465506
+919991503186
+919050380939
+919729472050
+919991256260
+919671434231
+919817416930
+919813731356
+919991036903
+919671286771
+918950324714
+919034226549
+919053955639
+919813902438
+918198969059
+918813007219
+918571918716
+919068894763
+919991102225
+917988141970
+919992284778
+918930135617
+918930939926
+917015380600
+917240526350
+919599034577
+918930000880
+919255174134
+918053191922
+918053978713
+919992441147
+919896045150
+919050902870
+919350588155
+919813481697
+919729334426
+919996329771
+917988120512
+918607199135
+918168672664
+919050039506
+918683828734
+919813902025
+919416943884
+919813827707
+919992451589
+919050705100
+919813210019
+919991931692
+918683874351
+917496097894
+919813480751
+919728605858
+919467760009
+919896525965
+917056007247
+917206310102
+917082220518
+919991573221
+919813477805
+918396975445
+919896852026
+919729016470
+919518237580
+918571013390
+918708588700
+919813050847
+919996792126
+918053373561
+919315456945
+919991914519
+919253347300
+919812867074
+919050212239
+917060440159
+917404267195
+919068149281
+919315526601
+917015021820
+917404120753
+919896971992
+919991066139
+918199944001
+919896294700
+919050168668
+918053543993
+917206238000
+917027786360
+919034121733
+918818034840
+919813760964
+917404540019
+917404930386
+918053221334
+919991155674
+919896524214
+918708263844
+919034799186
+917015610742
+917404193094
+919588783574
+919034542028
+919813566334
+918684843881
+917557476582
+919518034591
+919991856461
+919813065380
+919896161129
+918570843705
+918307043139
+919671574521
+919812232720
+919813972660
+919813942292
+919255090000
+917277000733
+919991940351
+918607127331
+919813586346
+919416204000
+918708694538
+919728741156
+917082556366
+918199080215
+919813203366
+918053969646
+918168555683
+919034577007
+919812458145
+919588321936
+918053400724
+918295111826
+919991310745
+919996043509
+919671722691
+918053700483
+919671391410
+919996311179
+917988467776
+919068821010
+919050653303
+919350267692
+919996146896
+919050863451
+919896246813
+918950257725
+919896540003
+919992677387
+918395931814
+919416557822
+918053039937
+918397828331
+919050916217
+918930849585
+919671744700
+919896549411
+919812952444
+917206249053
+919991410690
+919896702346
+918764997729
+918053260968
+918053085580
+919466574292
+918930409192
+918930372182
+919992004084
+918053038008
+919053191008
+919729195000
+919518664806
+919812852299
+917056905742
+919671786521
+919991410585
+919813756518
+917042059654
+918607233830
+919896132984
+918059224517
+919992124654
+919729088395
+918818031022
+919653521241
+919588352160
+919053290273
+919992922283
+919812990486
+917206199429
+919991388300
+919896494637
+919813086736
+918295350513
+919050728619
+919813720444
+919034871119
+917027442043
+919050175382
+919991511202
+917419198600
+919050323570
+917988343179
+919416640425
+919467983008
+918571942493
+919817403848
+919050284863
+919255901540
+918607290824
+918053442926
+919996227251
+919813827340
+919729096796
+919896770449
+919466942420
+918708842882
+919781175412
+919728097386
+919896023926
+917027288181
+919671005086
+919991820097
+919813478655
+918950582900
+919671475331
+917015471784
+919991161290
+919813746761
+919896636640
+919991857433
+919050994727
+919588751543
+919996697420
+918053443910
+918708078914
+919053590401
+919991673507
+919896074709
+918221845201
+917206682194
+919050647244
+919306821868
+919991211813
+919050626910
+919466034462
+919038853000
+919813333162
+919813713999
+919034946216
+919466389253
+919991428756
+919896566644
+919813320020
+917404189650
+917206779928
+917494866284
+919416333809
+919991684721
+919992704813
+919991649705
+919350007687
+919896531700
+918295635406
+916202645518
+919813257968
+919034552703
+919896814001
+918398996815
+919671008130
+919435588913
+919992290469
+919306001600
+919588748181
+919896488333
+919813237720
+919813067964
+919034966570
+918295111966
+917206700189
+919813370142
+919817348367
+918295040028
+919671718419
+918950514300
+919034223785
+919050050898
+919896889435
+919306191921
+919466652877
+918607073737
+919050083745
+919991205484
+917082198879
+918307010563
+918816844792
+919050908899
+918950215439
+919813468309
+918816929489
+919991378274
+919813361171
+919991373461
+919050880200
+919588554906
+919017456000
+919466867525
+917206669886
+917015775083
+919991722148
+918708851434
+919996943606
+918708435704
+919996564339
+918053204742
+919416483684
+919729577567
+919813411598
+919992004370
+919996420827
+917404672158
+918930342865
+919991120958
+919671217572
+919996200263
+919812385088
+918930708255
+918813011269
+917404120654
+918199990895
+919050705504
+918950838643
+919050907672
+919899555011
+919991556487
+919996228566
+917404808968
+919813332718
+917988482988
+919050402335
+919138317671
+919896480951
+919813980624
+918100440005
+917082086636
+919991928895
+918396045263
+919991155640
+919896596595
+917404975143
+917027434720
+918053806703
+918569820298
+919813901391
+918053447863
+919996351813
+919996608293
+919896928668
+919812244852
+919896794212
+919050550441
+919050136991
+919053886475
+919812395258
+919671330970
+919992714658
+919991662816
+918950368935
+919991912201
+917988772828
+919416160669
+918168949194
+919996145302
+919034019424
+919034736809
+917027263710
+919053690372
+919729855454
+919896393666
+918168540508
+918607421868
+919518184550
+919034469000
+919896096051
+919812630229
+919050025008
+919996802564
+919896096786
+919466269810
+919896765073
+919050301807
+919034650972
+918221875953
+919729629422
+919992577887
+919992284111
+917495038325
+917027433074
+918127539551
+917206057636
+918053618566
+919813026982
+919050777090
+918053174146
+918307873560
+919050102536
+918053105440
+919728077207
+919671051978
+918814005688
+918053727586
+919991662923
+919653523907
+918168924443
+919991892296
+919468081544
+919053959901
+917015583781
+919467733739
+919996666935
+919050020640
+918708329778
+919729227701
+919813613884
+919034293080
+919991916454
+919991103345
+919991593808
+919050908574
+919812458431
+918813979803
+917988871882
+917056002575
+918708233064
+919034320310
+918295068795
+919518055000
+918950141969
+919588133633
+919813195326
+919996250651
+917206328292
+919441272000
+919466691047
+919671155440
+919996852360
+919896032986
+919996613731
+918950809922
+917404143018
+919729068219
+919896844984
+919992112259
+919053652212
+917206100424
+919991111586
+919729225674
+919728125603
+917027211805
+919050130715
+918053473067
+919813619890
+919812619009
+919671856789
+919813724470
+919991940016
+919416320001
+918307011237
+919812984599
+917206700037
+919996856888
+919817324598
+919896003488
+918295369515
+919050451036
+919050880290
+919812890887
+917357065898
+918295873740
+919050536699
+917027213636
+919992005611
+917206486806
+919034563005
+919306126518
+919996261611
+919991231810
+919996823186
+918168135226
+919991519968
+919050876826
+919034908200
+919671727811
+919991857100
+918053396826
+919813605231
+919896909317
+919350248953
+918222825995
+918396940678
+917206047984
+919992260010
+918708688059
+918053184004
+919991486232
+919896065009
+918708806464
+917015393072
+917404910774
+919671727294
+919813710494
+917082182701
+919034442559
+919729098777
+919518105671
+917404464000
+919050165067
+919306890687
+919671111578
+919896936555
+919896981962
+917082342357
+918053993552
+918053616550
+918295149239
+919050569091
+919588132392
+917206883932
+919671852222
+917015155624
+919053087504
+919215271000
+919992226068
+918168951124
+919050586175
+917082729246
+919991025693
+919896359585
+918570928450
+918295050808
+919729735613
+918222851417
+918168185348
+918872909722
+919416160520
+918053323188
+919896997381
+918307920980
+919992599058
+919729270962
+918708297930
+919499122845
+919671248106
+918053165144
+919896554794
+919991821698
+919812604077
+919050878101
+919034681413
+919813960700
+917876137222
+919996857300
+918053473610
+918053160814
+919813150339
+919996113869
+919416468775
+919034317496
+919050517055
+919350229188
+919671725962
+917082340057
+919671793925
+919813229401
+919306575021
+917206545925
+919467476069
+918059643150
+918930040068
+917015747601
+917988917744
+919671522963
+917985427205
+919813562088
+918950005631
+918168138734
+919729005629
+919813915320
+919518241412
+918397825607
+919812295049
+919034715419
+919896970705
+919050923986
+919991018587
+918930954386
+917206669603
+919991890874
+918814997317
+918708211425
+918950920553
+919416643843
+919034338123
+919034558528
+919896762730
+918814806687
+919034490766
+919034951468
+919671823307
+919991286994
+918930777701
+919053148766
+919050988451
+919813600579
+919813971648
+919996525040
+919050908328
+918398003023
+918570092337
+919253238334
+919050130375
+918398080009
+919053006311
+919991345662
+919991974568
+919992291047
+917206696396
+918198973584
+919255778899
+919991553374
+917404187990
+919729961183
+919050008752
+919034323095
+918059141742
+918397826006
+917206596718
+919050005358
+919306531392
+918607485545
+919671015272
+917206582651
+917015456648
+919996980104
+919896924655
+919053999902
+917495084643
+919413100013
+919896440977
+919671402505
+918059586995
+919813803815
+919467994595
+919254238250
+918901187111
+919991903137
+919050827594
+919728404686
+919991595463
+919991724535
+919996111092
+919729867969
+919588596593
+919729456576
+917206603037
+919034336502
+919053197642
+919095000130
+918607720003
+918492893867
+917206049689
+919991888064
+919991554547
+917027945287
+918571897185
+919812761761
+918708076572
+918950902293
+919050048344
+919416732931
+919896102384
+917988460193
+919896908957
+919467327921
+919991966673
+919896799016
+919813746658
+919034867679
+919991235847
+919253127300
+919896571346
+917404882915
+918930161962
+919813492716
+919050239545
+919068121376
+919991142905
+918053807302
+919466837277
+918607982022
+917015380801
+919813430555
+918930312589
+919518871862
+918708401297
+919813092927
+918572051862
+919996113005
+918053538227
+919728599039
+918307888709
+917419301290
+919991581329
+919671781539
+919896217635
+919991192314
+919813582333
+919050722869
+919812355089
+919992078253
+918053020423
+919588517441
+919306589804
+916239168137
+919996731414
+918168710601
+919729317467
+917496016009
+919991140405
+917027424567
+917419301452
+919991419955
+918398900935
+919813491157
+918708460266
+919034222234
+919728875372
+918307199245
+919034358252
+918950206209
+918398810002
+919896610336
+917206868301
+917404995217
+917056414908
+917027589627
+919991786676
+917027478184
+919813497745
+919466220641
+919817646717
+919996120015
+919729433038
+918813090272
+919671989684
+919671008187
+918168772939
+918847666077
+918307996402
+917206608100
+919588126351
+919813386186
+919813656387
+919896167496
+919996957404
+919050127956
+919996573257
+919812315141
+919671042813
+919034473277
+919034070338
+919053671652
+918059782002
+919991178772
+918930859536
+919034547601
+919416158588
+918396016950
+919813219410
+917027213861
+919992584308
+919896310967
+919671865958
+918059870001
+919729962315
+918295079787
+919050512406
+917015099646
+919729066445
+917988669308
+918295162398
+919050551495
+919467792265
+919466272215
+918053382329
+919728333303
+919813818519
+919034961317
+919813984226
+918950136100
+919518124323
+919817615298
+919034005000
+919671640911
+918813023775
+919729019287
+919896556806
+919050134403
+919034956534
+918059901129
+919992190063
+919813170190
+919050993204
+918295262834
+919518076574
+919671729781
+918816066895
+918307743922
+918708283508
+917015966323
+919728162070
+919034796942
+919306154664
+919991061699
+919034191926
+919671154915
+919331322420
+918930535893
+919813562833
+919467615774
+918053538075
+918168318492
+919350451617
+919991252374
+917082948657
+919499422694
+917357913949
+919991478211
+919988880036
+919878054490
+919354122755
+919813456380
+919991178824
+919350710963
+919034478040
+919671258889
+918569928138
+919991879888
+919050058011
+919813987500
+919034008514
+919813738174
+919729417440
+917082516953
+919053408010
+919034451075
+919991429362
+919817447360
+919729977900
+919991940650
+918950203500
+919050767473
+917988833260
+919050286077
+919812698888
+917015217220
+919416650980
+918930754122
+918708607894
+919813473702
+918950500154
+919034075620
+919467187186
+919991407830
+919812595130
+919991319438
+918570807341
+919729066483
+919813639888
+917206564816
+919813684581
+919991040855
+918222859024
+919992059805
+919350523792
+919068335266
+918168017904
+919991038589
+916203669193
+917027344478
+919034417248
+917206949512
+919896085074
+919896010646
+918571860813
+918814827974
+919034645423
+919729099128
+919813444490
+917988873366
+918059007585
+919034178779
+919034552517
+919991052174
+919896446343
+919996432622
+919467551667
+919068669588
+919034265348
+917206164720
+919813617865
+917056929287
+919996814724
+918813874569
+918930899652
+919050359976
+919813850586
+917404124596
+919050516569
+918295752418
+918570832609
+919518496314
+919416261953
+919991429544
+919050213647
+918708600042
+919813091886
+918818043550
+919991319346
+919729227063
+919034664809
+919253112935
+918854124562
+917056706386
+918965432156
+917404237483
+919813518433
+919996573949
+919671349572
+919729068801
+918708352984
+918053969640
+919729346282
+919896698856
+919050233005
+919896904791
+919991225619
+919050704619
+918295616713
+918053801704
+917027442141
+918295953985
+919053882867
+918053930190
+919992020574
+919996880467
+919588746667
+919991951930
+918199077732
+919306720874
+917419316066
+919813354628
+918295386028
+919812273129
+917206688682
+918053807747
+918930842434
+918397016837
+919896907442
+919068162862
+918930338411
+919896956895
+917404722326
+919034223951
+918950303803
+918950378290
+919729340024
+917404022292
+919053131712
+918708849662
+917027263903
+919996371522
+918059330559
+917027929838
+919671637071
+919896863305
+919350522682
+919729361594
+919813340328
+917404611261
+919991957150
+919991966672
+919813614463
+919466052074
+919050276581
+919991135869
+919050280151
+918053118064
+918950412636
+919991856329
+917206114742
+919034156881
+919466366949
+917015022881
+919813912490
+919896461003
+917015867925
+919050943656
+919468011700
+919996054000
+918689040271
+919896641036
+919813062156
+919991999807
+919729223565
+918607882851
+918950116695
+919729821670
+919896696903
+919068642233
+919991519973
+917357603700
+919812240344
+918813007369
+918950563210
+918053012605
+919813429369
